      1        7.3890  1.7541
      2        5.2549  1.7319
      3        5.2365  1.7438
      4        5.2338  1.8284
      5        5.2353  1.7433
      6        5.2340  1.7511
      7        5.2335  1.7277
      8        5.2335  1.7304
      9        5.2333  1.7403
     10        5.2329  1.7512
     11        5.2326  1.7614
     12        5.2325  1.7416
     13        5.2324  1.7393
     14        5.2322  1.7530
     15        5.2321  1.7631
     16        5.2320  1.8775
     17        5.2319  1.7178
     18        5.2318  1.6931
     19        5.2317  1.6901
     20        5.2316  1.6775
     21        5.2315  1.7550
     22        5.2314  1.7808
     23        5.2313  1.7450
     24        5.2313  1.7295
     25        5.2312  1.7818
     26        5.2311  1.8102
     27        5.2310  1.7249
     28        5.2310  1.7255
     29        5.2309  1.7136
     30        5.2308  1.7011
     31        5.2308  1.6836
     32        5.2307  1.7585
     33        5.2306  1.7550
     34        5.2306  1.7137
     35        5.2305  1.7864
     36        5.2305  1.7224
     37        5.2304  1.7388
     38        5.2304  1.7622
     39        5.2303  1.7352
     40        5.2303  1.7821
     41        5.2302  1.8633
     42        5.2302  1.7977
     43        5.2301  1.8149
     44        5.2301  1.7430
     45        5.2301  1.7920
     46        5.2300  1.8041
     47        5.2300  1.7725
     48        5.2299  1.7800
     49        5.2299  1.7772
     50        5.2299  1.7972
     51        5.2298  1.7608
     52        5.2298  1.7802
     53        5.2298  1.7791
     54        5.2297  1.7705
     55        5.2297  1.7277
     56        5.2297  1.7659
     57        5.2296  1.8539
     58        5.2296  1.7570
     59        5.2296  1.7629
     60        5.2295  1.7872
     61        5.2295  1.8007
     62        5.2295  1.8241
     63        5.2294  1.7962
     64        5.2294  1.7761
     65        5.2294  1.8006
     66        5.2294  2.1931
     67        5.2293  2.0959
     68        5.2293  1.8747
     69        5.2293  1.9001
     70        5.2293  1.9380
     71        5.2292  1.8657
     72        5.2292  1.8761
     73        5.2292  1.8707
     74        5.2292  1.8351
     75        5.2292  1.8828
     76        5.2291  1.9227
     77        5.2291  1.9812
     78        5.2291  1.9552
     79        5.2291  1.9492
     80        5.2291  1.9594
     81        5.2290  1.9086
     82        5.2290  1.9608
     83        5.2290  1.8907
     84        5.2290  1.9216
     85        5.2290  1.8711
     86        5.2289  1.9281
     87        5.2289  1.9483
     88        5.2289  1.9899
     89        5.2289  1.9116
     90        5.2289  1.8991
     91        5.2289  1.9202
     92        5.2288  1.9128
     93        5.2288  1.9398
     94        5.2288  1.9534
     95        5.2288  1.9665
     96        5.2288  1.9860
     97        5.2288  1.9059
     98        5.2288  1.9237
     99        5.2287  1.8742
    100        5.2287  1.8588
      1        5.8871  2.2157
      2        5.3964  2.1824
      3        5.2585  2.1216
      4        5.2473  2.1354
      5        5.2431  2.1177
      6        5.2273  2.1674
      7        5.1914  2.0982
      8        5.1852  2.1240
      9        5.1142  2.1817
     10        5.0740  2.2914
     11        5.0139  2.1358
     12        4.9468  2.1407
     13        4.9424  2.1337
     14        4.8780  2.1617
     15        4.7807  2.1714
     16        4.6706  2.2032
     17        4.5366  2.1570
     18        4.4807  2.1143
     19        4.4049  2.1246
     20        4.3392  2.1944
     21        4.3729  2.0992
     22        4.5829  2.2012
     23        4.4961  2.1972
     24        4.2535  2.1475
     25        3.9743  2.1405
     26        4.0184  2.1228
     27        3.9831  2.1562
     28        3.9356  2.0890
     29        3.9448  2.0825
     30        3.8992  2.0812
     31        3.9748  2.1508
     32        3.7644  2.1576
     33        3.6229  2.1582
     34        3.4871  2.1377
     35        3.4087  2.1468
     36        3.2841  2.1738
     37        3.2645  2.1817
     38        3.2102  2.2351
     39        3.1698  2.1417
     40        3.1303  2.0961
     41        3.1554  2.0934
     42        3.2690  2.0997
     43        3.2439  2.1324
     44        3.2502  2.1390
     45        3.2841  2.1631
     46        3.3035  2.1552
     47        3.1063  2.2043
     48        3.1054  2.2018
     49        2.9490  2.0908
     50        2.8835  2.1536
     51        2.8010  2.0999
     52        2.6497  2.1073
     53        2.6486  2.1262
     54        2.6365  2.1509
     55        2.6250  2.1633
     56        2.5303  2.1460
     57        2.5431  2.1743
     58        2.5666  2.2179
     59        2.6070  2.1885
     60        2.6019  2.1537
     61        2.7544  2.2104
     62        2.8270  2.1972
     63        2.6368  2.1467
     64        2.6600  2.2068
     65        2.4966  2.1958
     66        2.4846  2.1696
     67        2.4983  2.2010
     68        2.3615  2.2600
     69        2.3699  2.2669
     70        2.3048  2.1869
     71        2.3309  2.1908
     72        2.4196  2.2149
     73        2.2696  2.1884
     74        2.1683  2.2154
     75        2.2243  2.1854
     76        2.1585  2.2195
     77        2.1823  2.2732
     78        2.0520  2.2190
     79        1.9866  2.3345
     80        2.0497  2.2307
     81        2.0548  2.2418
     82        1.9278  2.2394
     83        1.9243  2.2371
     84        2.0315  2.2328
     85        2.1178  2.1676
     86        2.1784  2.2006
     87        2.0331  2.1866
     88        1.9484  2.2021
     89        1.8377  2.2267
     90        1.8310  2.2497
     91        1.8414  2.2410
     92        1.8701  2.2655
     93        1.7995  2.2513
     94        1.7391  2.1610
     95        1.6949  2.2058
     96        1.7521  2.1890
     97        1.7127  2.1654
     98        1.6960  2.2137
     99        1.6335  2.2535
    100        1.6404  2.2330
      1        6.2924  2.5208
      2        5.2726  2.4940
      3        5.2615  2.4953
      4        5.2569  2.4252
      5        5.2567  2.4181
      6        5.2566  2.4648
      7        5.2567  2.4256
      8        5.2566  2.5808
      9        5.2564  2.4908
     10        5.2561  2.4926
     11        5.2559  2.4771
     12        5.2558  2.4237
     13        5.2556  2.4383
     14        5.2555  2.4544
     15        5.2554  2.4132
     16        5.2552  2.4589
     17        5.2551  2.4840
     18        5.2550  2.5273
     19        5.2549  2.4920
     20        5.2548  2.5071
     21        5.2547  2.4911
     22        5.2547  2.4759
     23        5.2546  2.5105
     24        5.2545  2.4394
     25        5.2544  2.4308
     26        5.2544  2.4583
     27        5.2543  2.4119
     28        5.2542  2.4611
     29        5.2542  2.4844
     30        5.2541  2.5518
     31        5.2540  3.3214
     32        5.2540  2.7220
     33        5.2539  2.5588
     34        5.2539  2.6417
     35        5.2538  2.5346
     36        5.2538  2.5666
     37        5.2537  2.5559
     38        5.2537  2.7067
     39        5.2536  2.4522
     40        5.2536  2.5365
     41        5.2536  2.4375
     42        5.2535  2.4952
     43        5.2535  2.4197
     44        5.2534  2.4890
     45        5.2534  2.6309
     46        5.2534  2.3484
     47        5.2533  2.3631
     48        5.2533  2.4446
     49        5.2533  2.3525
     50        5.2532  2.4307
     51        5.2532  2.4392
     52        5.2532  2.4608
     53        5.2532  2.4805
     54        5.2531  2.4658
     55        5.2531  2.4444
     56        5.2531  2.5139
     57        5.2531  2.5224
     58        5.2530  2.4803
     59        5.2530  2.4527
     60        5.2530  2.4362
     61        5.2530  2.5702
     62        5.2529  2.5309
     63        5.2529  2.5663
     64        5.2529  2.5198
     65        5.2529  2.5568
     66        5.2528  2.4389
     67        5.2528  2.5379
     68        5.2528  2.5395
     69        5.2528  2.4681
     70        5.2528  2.5029
     71        5.2528  2.5806
     72        5.2527  2.6045
     73        5.2527  2.5333
     74        5.2527  2.5019
     75        5.2527  2.4877
     76        5.2527  2.5057
     77        5.2527  2.5396
     78        5.2526  2.4809
     79        5.2526  2.4877
     80        5.2526  2.4470
     81        5.2526  2.5393
     82        5.2526  2.5608
     83        5.2526  2.5614
     84        5.2526  2.5356
     85        5.2525  2.4917
     86        5.2525  2.4667
     87        5.2525  2.4357
     88        5.2525  2.4559
     89        5.2525  2.5137
     90        5.2525  2.4944
     91        5.2525  2.5194
     92        5.2525  2.5377
     93        5.2524  2.5263
     94        5.2524  2.4825
     95        5.2524  2.4846
     96        5.2524  2.4688
     97        5.2524  2.4557
     98        5.2524  2.4615
     99        5.2524  2.4782
    100        5.2524  2.5005
      1        5.5789  2.8430
      2        5.2733  2.8976
      3        5.2622  2.7055
      4        5.2627  2.7526
      5        5.2723  2.7881
      6        5.2764  2.7489
      7        5.2776  2.8210
      8        5.2780  2.8386
      9        5.2780  2.7475
     10        5.2778  2.7391
     11        5.2776  2.7838
     12        5.2775  2.8914
     13        5.2774  2.9060
     14        5.2773  2.7890
     15        5.2771  2.7216
     16        5.2770  2.7106
     17        5.2769  2.7611
     18        5.2768  2.8575
     19        5.2767  3.2315
     20        5.2766  3.7660
     21        5.2765  3.4141
     22        5.2764  3.4955
     23        5.2764  3.3936
     24        5.2763  2.9649
     25        5.2762  2.8896
     26        5.2761  2.7712
     27        5.2761  2.7444
     28        5.2760  2.7450
     29        5.2759  2.9769
     30        5.2759  3.1176
     31        5.2758  2.7541
     32        5.2758  2.8793
     33        5.2757  2.8411
     34        5.2757  3.1264
     35        5.2756  3.0488
     36        5.2756  2.7907
     37        5.2755  2.8148
     38        5.2755  2.7660
     39        5.2754  2.9738
     40        5.2754  3.0249
     41        5.2753  3.0234
     42        5.2753  3.1679
     43        5.2753  3.0333
     44        5.2752  2.7911
     45        5.2752  2.8582
     46        5.2751  3.0373
     47        5.2751  2.8821
     48        5.2751  3.4549
     49        5.2750  3.0377
     50        5.2750  3.0583
     51        5.2750  3.0661
     52        5.2749  3.0000
     53        5.2749  2.9476
     54        5.2749  3.1137
     55        5.2748  2.9260
     56        5.2748  3.0075
     57        5.2748  2.9545
     58        5.2747  2.9576
     59        5.2747  2.9775
     60        5.2747  3.3661
     61        5.2747  3.3500
     62        5.2746  2.9853
     63        5.2746  2.9068
     64        5.2746  3.0635
     65        5.2745  3.1878
     66        5.2745  3.2104
     67        5.2745  2.9500
     68        5.2745  2.8267
     69        5.2744  2.8460
     70        5.2744  2.8487
     71        5.2744  2.8346
     72        5.2744  2.8655
     73        5.2744  3.0985
     74        5.2743  2.9985
     75        5.2743  2.8812
     76        5.2743  2.8179
     77        5.2743  2.8439
     78        5.2742  2.8529
     79        5.2742  2.8304
     80        5.2742  2.9485
     81        5.2742  2.8404
     82        5.2742  2.8631
     83        5.2741  2.8747
     84        5.2741  2.8834
     85        5.2741  2.8637
     86        5.2741  2.8308
     87        5.2741  2.9023
     88        5.2740  2.8508
     89        5.2740  2.8857
     90        5.2740  2.8510
     91        5.2740  2.8936
     92        5.2740  2.8998
     93        5.2740  2.9001
     94        5.2739  2.8994
     95        5.2739  3.0817
     96        5.2739  3.0217
     97        5.2739  3.2838
     98        5.2739  3.3017
     99        5.2739  3.1617
    100        5.2738  3.2387
      1        5.9476  3.1859
      2        5.2739  3.1905
      3        5.2498  3.1389
      4        5.2501  3.1118
      5        5.2499  3.1863
      6        5.2490  3.1582
      7        5.2487  3.1991
      8        5.2482  3.1117
      9        5.2479  3.6059
     10        5.2476  3.4070
     11        5.2473  3.1235
     12        5.2471  3.5981
     13        5.2469  3.1756
     14        5.2467  4.0284
     15        5.2465  3.2264
     16        5.2463  3.7840
     17        5.2462  3.2575
     18        5.2460  3.4199
     19        5.2459  3.2095
     20        5.2458  2.9712
     21        5.2456  3.1274
     22        5.2455  2.9906
     23        5.2454  3.1071
     24        5.2453  2.9560
     25        5.2452  2.9581
     26        5.2451  2.9120
     27        5.2450  2.9725
     28        5.2449  2.9167
     29        5.2448  3.0087
     30        5.2447  3.0129
     31        5.2446  3.0330
     32        5.2446  3.4184
     33        5.2445  3.2685
     34        5.2444  3.2192
     35        5.2444  3.5770
     36        5.2443  3.1156
     37        5.2442  3.1490
     38        5.2442  3.1123
     39        5.2441  3.0281
     40        5.2441  3.1727
     41        5.2440  3.0242
     42        5.2439  3.1241
     43        5.2439  3.1011
     44        5.2438  3.1249
     45        5.2438  3.0636
     46        5.2437  3.1222
     47        5.2437  3.3300
     48        5.2436  3.1570
     49        5.2436  3.2498
     50        5.2436  3.1331
     51        5.2435  3.3015
     52        5.2435  3.2222
     53        5.2434  3.1620
     54        5.2434  3.3149
     55        5.2434  3.0986
     56        5.2433  3.1751
     57        5.2433  3.1721
     58        5.2433  3.0407
     59        5.2432  3.2622
     60        5.2432  3.2286
     61        5.2432  3.1595
     62        5.2431  3.1131
     63        5.2431  3.1010
     64        5.2431  3.0751
     65        5.2430  3.1160
     66        5.2430  3.0963
     67        5.2430  3.0648
     68        5.2429  3.0739
     69        5.2429  3.1184
     70        5.2429  3.0961
     71        5.2429  3.0851
     72        5.2428  3.0951
     73        5.2428  3.1915
     74        5.2428  3.1357
     75        5.2428  3.0857
     76        5.2428  3.1293
     77        5.2427  3.0618
     78        5.2427  3.0960
     79        5.2427  3.1062
     80        5.2427  3.0785
     81        5.2427  3.0955
     82        5.2426  3.0362
     83        5.2426  3.1170
     84        5.2426  3.1627
     85        5.2426  3.0039
     86        5.2426  3.1131
     87        5.2426  3.1394
     88        5.2425  3.0746
     89        5.2425  3.1125
     90        5.2425  3.1245
     91        5.2425  3.0992
     92        5.2425  3.1095
     93        5.2424  3.1435
     94        5.2424  3.1427
     95        5.2424  3.1694
     96        5.2424  3.1274
     97        5.2424  3.0481
     98        5.2424  3.0918
     99        5.2424  3.1348
    100        5.2423  3.0917
      1        5.7290  3.3418
      2        5.2652  3.3239
      3        5.2778  3.5601
      4        5.2787  3.4058
      5        5.2402  3.8902
      6        5.2240  3.4038
      7        5.1895  3.4003
      8        5.1072  3.4170
      9        5.0116  3.3949
     10        4.9590  3.3808
     11        4.8443  3.3741
     12        4.8433  3.3835
     13        4.8918  3.3347
     14        4.8660  3.3732
     15        4.8782  3.3228
     16        4.6510  3.3148
     17        4.5064  3.3291
     18        4.3721  3.3411
     19        4.2903  3.3170
     20        4.2407  3.3329
     21        4.1920  3.4196
     22        3.9901  3.3349
     23        3.9127  3.2183
     24        3.8113  3.3149
     25        3.7677  3.3033
     26        3.7362  3.2625
     27        3.6621  3.5495
     28        3.5353  4.3926
     29        3.5016  3.2931
     30        3.6715  3.3045
     31        3.3953  3.3248
     32        3.3085  3.5910
     33        3.3314  3.2908
     34        3.1777  3.3223
     35        3.1464  3.2815
     36        3.0426  3.2851
     37        3.0247  3.5093
     38        2.9194  3.4672
     39        2.9277  3.4598
     40        3.0668  3.3963
     41        2.9038  3.4585
     42        2.8728  3.4261
     43        2.8874  3.4235
     44        2.8258  3.5664
     45        2.6747  3.5752
     46        2.7298  3.6240
     47        2.4780  3.8426
     48        2.6644  3.8124
     49        2.7530  3.6110
     50        2.7324  3.6533
     51        2.9318  3.6405
     52        2.8905  3.6129
     53        2.9447  3.6346
     54        2.4418  3.5726
     55        2.4240  3.5738
     56        2.3097  3.6298
     57        2.2355  3.5247
     58        2.1794  3.5425
     59        2.0975  3.5884
     60        2.1072  3.4999
     61        2.0212  3.5700
     62        1.9592  3.6755
     63        1.9210  3.5595
     64        1.8711  3.5419
     65        1.8456  3.4528
     66        1.7769  3.4259
     67        1.7360  3.4684
     68        1.8168  3.3823
     69        1.7482  3.5007
     70        1.6807  3.4946
     71        1.6842  3.5050
     72        1.5732  3.5526
     73        1.5996  3.5330
     74        1.5557  3.4845
     75        1.5895  3.5162
     76        1.6354  3.5575
     77        1.5734  3.5443
     78        1.5263  3.5438
     79        1.4917  3.5342
     80        1.4878  3.5566
     81        1.4293  3.4437
     82        1.4480  3.4937
     83        1.3945  3.5336
     84        1.4568  3.5569
     85        1.4532  3.4965
     86        1.4025  3.5136
     87        1.3727  3.5327
     88        1.3985  3.5652
     89        1.4183  3.6240
     90        1.4271  3.5856
     91        1.4319  3.5346
     92        1.5496  3.5889
     93        1.5366  3.5284
     94        1.4083  3.4856
     95        1.3231  3.4929
     96        1.2814  3.5112
     97        1.2852  3.5800
     98        1.3239  3.6241
     99        1.1869  3.5190
    100        1.2025  3.5557
      1        5.7018  3.7959
      2        5.2700  3.6798
      3        5.2688  3.7485
      4        5.2338  3.6697
      5        5.2039  3.7343
      6        5.1833  3.6252
      7        5.1299  3.5582
      8        5.0583  3.5997
      9        4.9113  3.7502
     10        4.8640  3.6594
     11        4.7804  3.7431
     12        4.6780  3.6775
     13        4.5672  3.7469
     14        4.4863  3.6790
     15        4.4017  3.6513
     16        4.4049  3.7113
     17        4.3324  3.6902
     18        4.2389  3.7011
     19        4.0933  3.6155
     20        4.0065  4.0715
     21        3.8785  3.7281
     22        3.7003  3.8717
     23        3.6146  4.0893
     24        3.6117  3.9090
     25        3.6542  4.2560
     26        3.6213  4.3967
     27        3.6042  4.3998
     28        3.4509  4.0317
     29        3.2235  3.9315
     30        3.1063  3.9453
     31        3.0736  3.8958
     32        3.0169  3.4514
     33        2.9151  3.5765
     34        2.8236  3.5460
     35        2.7063  3.5752
     36        2.6132  3.5549
     37        2.5644  3.6571
     38        2.4979  3.7029
     39        2.4101  3.7216
     40        2.3704  3.7111
     41        2.3727  3.7610
     42        2.2933  3.7358
     43        2.2762  3.7073
     44        2.2493  3.6868
     45        2.2720  3.6688
     46        2.3001  3.6167
     47        2.2562  3.6520
     48        2.2831  3.7336
     49        2.5873  3.6576
     50        2.4828  3.6712
     51        2.2970  3.7111
     52        2.1365  3.7058
     53        2.0935  3.7310
     54        1.9854  3.6804
     55        1.9829  3.6967
     56        1.9487  3.7390
     57        1.8583  3.7167
     58        1.7362  3.6429
     59        1.7644  3.6029
     60        1.7933  3.6523
     61        1.7283  3.6827
     62        1.7297  3.6992
     63        1.6620  3.6637
     64        1.6476  3.7311
     65        1.6585  3.7898
     66        1.6550  3.7223
     67        1.5629  3.7462
     68        1.6798  4.0038
     69        1.7669  3.9203
     70        1.9080  3.8866
     71        1.7740  4.5286
     72        1.6245  3.7071
     73        1.5807  3.8437
     74        1.6447  3.8135
     75        1.5121  3.8351
     76        1.5030  3.7282
     77        1.4498  3.8037
     78        1.4955  3.7856
     79        1.5108  3.8359
     80        1.5042  3.8153
     81        1.4780  3.8247
     82        1.5597  3.8629
     83        1.6228  3.8642
     84        1.4833  3.7284
     85        1.5906  3.8210
     86        1.5690  3.7167
     87        1.6060  3.8823
     88        1.6452  3.8153
     89        1.5341  3.8867
     90        1.6768  3.8829
     91        1.5938  3.8684
     92        1.8381  3.8693
     93        2.0660  3.8766
     94        2.5786  3.8784
     95        3.6623  3.9043
     96        3.6342  3.8171
     97        2.2757  3.7662
     98        2.3089  3.8701
     99        2.2758  3.8193
    100        1.9058  3.8991
      1        5.4516  4.2905
      2        5.2857  4.0825
      3        5.2588  4.0775
      4        5.2578  4.0911
      5        5.2566  4.0780
      6        5.2554  4.1049
      7        5.2547  4.0853
      8        5.2541  3.9627
      9        5.2536  3.7987
     10        5.2532  4.0127
     11        5.2528  3.9656
     12        5.2524  3.8988
     13        5.2521  4.0449
     14        5.2519  4.0355
     15        5.2516  3.9902
     16        5.2513  4.0620
     17        5.2511  4.0251
     18        5.2509  4.0334
     19        5.2507  4.0646
     20        5.2505  3.8979
     21        5.2503  4.0833
     22        5.2502  3.9717
     23        5.2500  3.9878
     24        5.2499  3.9463
     25        5.2497  4.0005
     26        5.2496  4.0578
     27        5.2495  3.9599
     28        5.2494  4.0040
     29        5.2493  3.9761
     30        5.2492  4.1137
     31        5.2491  4.0764
     32        5.2490  3.9919
     33        5.2489  3.9975
     34        5.2488  4.0658
     35        5.2487  4.1633
     36        5.2486  4.2105
     37        5.2486  4.1988
     38        5.2485  4.3848
     39        5.2484  4.2644
     40        5.2484  4.2884
     41        5.2483  4.2447
     42        5.2483  4.2671
     43        5.2482  4.2420
     44        5.2481  4.1042
     45        5.2481  4.0729
     46        5.2480  4.1282
     47        5.2480  4.2561
     48        5.2480  4.1390
     49        5.2479  4.1155
     50        5.2479  4.2210
     51        5.2478  4.1853
     52        5.2478  4.1585
     53        5.2478  4.1500
     54        5.2477  4.1553
     55        5.2477  4.2217
     56        5.2477  4.0256
     57        5.2476  4.0551
     58        5.2476  4.0893
     59        5.2476  4.2401
     60        5.2476  4.1100
     61        5.2475  4.2388
     62        5.2475  4.1701
     63        5.2475  4.2101
     64        5.2475  4.2292
     65        5.2474  4.1865
     66        5.2474  4.2031
     67        5.2474  4.1976
     68        5.2474  4.1140
     69        5.2474  4.1559
     70        5.2473  4.1495
     71        5.2473  4.2129
     72        5.2473  4.1398
     73        5.2473  4.2389
     74        5.2473  4.2670
     75        5.2473  4.2423
     76        5.2472  4.2258
     77        5.2472  4.2487
     78        5.2472  4.2553
     79        5.2472  4.2554
     80        5.2472  4.0528
     81        5.2472  4.1162
     82        5.2472  4.1390
     83        5.2471  4.1155
     84        5.2471  4.1469
     85        5.2471  4.1067
     86        5.2471  4.2117
     87        5.2471  4.1064
     88        5.2471  4.1078
     89        5.2471  4.1562
     90        5.2471  4.1649
     91        5.2470  4.0510
     92        5.2470  4.0069
     93        5.2470  4.0169
     94        5.2470  4.1657
     95        5.2470  4.2287
     96        5.2470  4.0652
     97        5.2470  4.2201
     98        5.2470  4.2019
     99        5.2470  4.1843
    100        5.2470  4.2373
      1        5.6284  4.3529
      2        5.2551  4.2022
      3        5.2508  4.3212
      4        5.2190  4.2024
      5        5.1778  4.3578
      6        5.1116  4.1957
      7        4.9987  4.8964
      8        4.8468  4.5621
      9        4.8271  4.5205
     10        4.6137  4.4216
     11        4.4948  4.2724
     12        4.2081  4.2864
     13        4.0066  4.2268
     14        3.7842  4.2505
     15        3.5129  4.3316
     16        3.4339  4.4130
     17        3.3150  4.4728
     18        3.1554  4.3895
     19        2.9629  4.3446
     20        2.7295  4.3876
     21        2.6574  4.3415
     22        2.5653  4.3934
     23        2.5727  4.4135
     24        2.3750  4.1962
     25        2.4258  4.3043
     26        2.4551  4.3467
     27        2.8117  4.4325
     28        2.5055  4.3847
     29        2.2646  4.3578
     30        2.0895  4.4184
     31        1.9612  4.5419
     32        1.8605  4.4987
     33        1.8485  4.5195
     34        1.8269  4.5462
     35        1.7658  4.4622
     36        1.6402  4.4378
     37        1.6193  4.4669
     38        1.5783  4.5574
     39        1.5907  4.4664
     40        1.5754  4.7131
     41        1.5643  4.6193
     42        1.7547  4.5961
     43        1.6688  4.6244
     44        1.7109  4.6190
     45        1.9446  4.6536
     46        1.9876  4.4904
     47        1.8360  4.4998
     48        1.7875  4.6107
     49        1.7207  4.6589
     50        1.8047  4.6056
     51        1.7395  4.6267
     52        1.8210  4.6670
     53        1.7783  4.7013
     54        1.8203  4.7181
     55        2.3407  4.6728
     56        2.3453  4.6537
     57        2.2921  4.4839
     58        2.6327  4.6121
     59        2.9059  4.6728
     60        2.4015  4.5817
     61        2.3334  4.7060
     62        2.0644  4.6438
     63        1.7407  4.7393
     64        1.5972  4.6456
     65        1.4761  4.6476
     66        1.4535  4.9292
     67        1.4373  4.5927
     68        1.4163  4.5422
     69        1.4642  4.5781
     70        1.5110  4.6323
     71        1.4810  4.7538
     72        1.5291  4.6890
     73        1.5948  4.7169
     74        1.7194  4.6716
     75        1.4522  4.7813
     76        1.3389  4.7019
     77        1.3510  4.6264
     78        1.3214  4.4964
     79        1.1646  4.5823
     80        1.0575  6.0084
     81        1.0058  4.9607
     82        0.9209  4.6522
     83        0.9864  4.6706
     84        1.0456  4.6565
     85        0.9625  4.7883
     86        1.0085  4.7267
     87        1.0508  5.0787
     88        0.9282  4.6351
     89        0.9183  4.5243
     90        0.9099  4.6314
     91        0.9503  4.6537
     92        0.9187  4.7093
     93        0.8618  4.7734
     94        0.9280  4.7213
     95        0.9402  4.7212
     96        0.8264  4.7619
     97        0.8834  4.8674
     98        0.9842  4.6032
     99        0.8198  4.5631
    100        0.7975  4.6848
      1        5.7434  4.9699
      2        5.2572  4.9145
      3        5.2519  4.9563
      4        5.2449  4.9582
      5        5.1974  4.9045
      6        5.0645  4.8737
      7        4.9761  4.9084
      8        4.8771  4.8774
      9        4.8360  4.9148
     10        4.7027  4.9384
     11        4.6092  4.8803
     12        4.4790  5.0439
     13        4.4069  4.9748
     14        4.2824  5.0807
     15        4.2063  4.9884
     16        4.1525  4.9998
     17        4.0818  4.9290
     18        4.1078  4.8486
     19        3.9918  4.8765
     20        4.0704  4.9889
     21        4.0996  4.9534
     22        3.8368  4.9336
     23        3.7448  4.9392
     24        3.6355  5.0515
     25        3.5686  4.9809
     26        3.5106  4.9182
     27        3.4663  4.8621
     28        3.4677  4.8007
     29        3.4157  5.0824
     30        3.4317  5.2586
     31        3.4508  5.0499
     32        3.3720  5.0961
     33        3.3143  5.2406
     34        3.2445  5.1680
     35        3.2096  5.2429
     36        3.2067  5.3219
     37        3.2137  5.0047
     38        3.2009  5.0871
     39        3.1270  5.0608
     40        3.1353  5.1319
     41        3.1033  5.2832
     42        3.0298  7.1238
     43        3.0241  6.8826
     44        3.0018  6.4176
     45        3.0082  5.6067
     46        3.0177  5.6805
     47        2.9806  5.7449
     48        2.8954  5.9702
     49        3.0003  6.1195
     50        3.0675  5.8656
     51        2.9597  6.0187
     52        2.9078  6.0276
     53        2.8580  6.2717
     54        2.9195  5.5121
     55        2.8292  5.2565
     56        2.8744  5.1904
     57        2.9487  5.7151
     58        2.7779  5.3909
     59        2.8912  5.2174
     60        2.8289  5.1957
     61        2.9652  5.2842
     62        2.8852  6.1679
     63        2.8115  5.2457
     64        2.8303  5.1389
     65        2.9397  5.1510
     66        2.9174  5.1259
     67        2.9870  5.1553
     68        3.2148  5.2066
     69        3.5704  5.4356
     70        3.6176  5.1568
     71        3.3000  5.1644
     72        3.2081  5.0415
     73        2.9731  5.1111
     74        2.9402  5.0972
     75        2.8496  5.0395
     76        2.8393  5.1591
     77        2.7454  5.1566
     78        2.7655  5.2245
     79        2.6517  5.1139
     80        2.6643  5.1138
     81        2.5588  5.1546
     82        2.5862  5.0336
     83        2.5152  5.0069
     84        2.4342  5.2175
     85        2.4882  5.1210
     86        2.3870  5.1690
     87        2.3841  5.1604
     88        2.3689  5.1512
     89        2.3361  5.1493
     90        2.3509  5.2557
     91        2.2884  5.1265
     92        2.3188  5.0248
     93        2.2747  5.0379
     94        2.3117  5.1310
     95        2.3684  5.0670
     96        2.4053  5.1292
     97        2.3088  5.1543
     98        2.3075  5.2369
     99        2.2255  5.1706
    100        2.1547  5.1561