      1        5.5875  1.6730
      2        5.2688  1.5968
      3        5.2249  1.5953
      4        5.2147  1.5915
      5        5.2020  1.5607
      6        5.1871  1.5919
      7        5.1534  1.5530
      8        5.1091  1.5665
      9        5.0312  1.6447
     10        4.9601  1.5847
     11        4.8665  1.5654
     12        4.8113  1.6049
     13        4.7470  1.5897
     14        4.6383  1.5920
     15        4.4950  1.5812
     16        4.3576  1.6048
     17        4.1680  1.6209
     18        4.1414  1.6395
     19        4.1940  1.5996
     20        4.0051  1.5943
     21        3.8854  1.6198
     22        3.9427  1.6005
     23        4.2099  1.5710
     24        3.9665  1.6010
     25        3.6346  1.5894
     26        3.4146  1.5859
     27        3.1591  1.5786
     28        2.9858  1.5750
     29        2.8794  1.6506
     30        2.7808  1.5723
     31        2.8698  1.5419
     32        2.8781  1.5703
     33        2.7285  1.5701
     34        2.6189  1.5719
     35        2.3865  1.5633
     36        2.1718  1.5678
     37        1.9904  1.5605
     38        1.9313  1.5754
     39        1.8539  1.5656
     40        1.8590  1.6274
     41        1.8751  1.5574
     42        1.9861  1.5657
     43        1.7547  1.5383
     44        1.6095  1.5616
     45        1.3052  1.5241
     46        1.2522  1.5646
     47        1.1782  1.4995
     48        1.1748  1.5615
     49        1.0426  1.5594
     50        0.9742  1.5136
     51        0.9589  1.5654
     52        0.9762  1.5673
     53        0.8610  1.5436
     54        0.8600  1.5719
     55        0.8938  1.5459
     56        0.9237  1.5504
     57        0.8418  1.5324
     58        0.8473  1.5451
     59        0.7329  1.5848
     60        0.7295  1.4909
     61        0.6298  1.5451
     62        0.6844  1.5425
     63        0.5922  1.4797
     64        0.5983  1.5631
     65        0.6044  1.6134
     66        0.5997  1.5697
     67        0.5759  1.5387
     68        0.5010  1.5345
     69        0.4670  1.5976
     70        0.4368  1.5434
     71        0.4173  1.5454
     72        0.4166  1.5520
     73        0.4951  1.5296
     74        0.4558  1.5761
     75        0.3919  1.5335
     76        0.4127  1.5548
     77        0.3995  1.5942
     78        0.3820  1.5300
     79        0.4498  1.5361
     80        0.3917  1.5239
     81        0.3253  1.4996
     82        0.2691  1.5590
     83        0.3620  1.5514
     84        0.3443  1.5682
     85        0.3132  1.6109
     86        0.4148  1.6423
     87        0.3634  1.5665
     88        0.3418  1.5798
     89        0.2773  1.5612
     90        0.2866  1.6035
     91        0.3081  1.5597
     92        0.3179  1.5761
     93        0.3317  1.5837
     94        0.3348  1.6024
     95        0.2572  1.5839
     96        0.2362  1.6172
     97        0.2989  1.5866
     98        0.3169  1.6124
     99        0.3556  1.6352
    100        0.3171  1.5899
